672252.136573 6306075.916871 0.000000 672289.177092 6305997.524617 0.000000 
672250.645805 6306084.593339 0.000000 672291.527381 6305998.721316 0.000000 
672249.022759 6306095.717206 0.000000 672293.872692 6306000.204351 0.000000 
672247.364178 6306106.319037 0.000000 672296.659863 6306001.223180 0.000000 
672245.002064 6306117.764107 0.000000 672299.529985 6306002.662250 0.000000 
672243.043398 6306129.224824 0.000000 672302.205301 6306004.185841 0.000000 
672240.674013 6306141.759423 0.000000 672304.773151 6306004.952262 0.000000 
672238.420051 6306153.227157 0.000000 672307.513919 6306006.359534 0.000000 
672236.870398 6306162.819831 0.000000 672310.525912 6306007.626685 0.000000 
672234.778125 6306174.187060 0.000000 672313.199612 6306008.946428 0.000000 
672232.606776 6306186.284628 0.000000 672315.819789 6306010.210198 0.000000 
672230.372699 6306197.791730 0.000000 672318.594162 6306011.485406 0.000000 
672227.840605 6306209.627333 0.000000 672321.349983 6306012.809938 0.000000 
672226.150492 6306220.215136 0.000000 672324.094514 6306014.099400 0.000000 
672224.422282 6306231.315238 0.000000 672326.697243 6306015.327022 0.000000 
672221.645268 6306244.095085 0.000000 672329.187658 6306017.088885 0.000000 
672220.062438 6306254.292504 0.000000 672332.111799 6306018.023354 0.000000 
672218.228351 6306265.223022 0.000000 672334.865356 6306019.228725 0.000000 
672215.450591 6306278.151141 0.000000 672337.436781 6306020.470077 0.000000 
672214.198375 6306287.857273 0.000000 672340.136788 6306021.712598 0.000000 
672211.764318 6306299.710325 0.000000 672342.967701 6306023.128874 0.000000 
672211.960568 6306306.273768 0.000000 672345.664026 6306024.370321 0.000000 
672213.388010 6306310.565376 0.000000 672348.299320 6306025.756907 0.000000 
672214.509695 6306315.119399 0.000000 672351.034698 6306027.134982 0.000000 
672215.537693 6306319.691441 0.000000 672353.909628 6306028.283542 0.000000 
672217.209614 6306323.421529 0.000000 672356.620616 6306029.586880 0.000000 
672218.336336 6306327.951982 0.000000 672359.303530 6306030.881298 0.000000 
672219.652077 6306331.983153 0.000000 672362.060079 6306032.142655 0.000000 
672220.912194 6306336.487947 0.000000 672364.805604 6306033.467071 0.000000 
672222.155968 6306340.925704 0.000000 672367.528158 6306034.632011 0.000000 
672223.614317 6306344.994944 0.000000 672370.210055 6306036.010679 0.000000 
672224.864210 6306349.227761 0.000000 672372.938400 6306037.411375 0.000000 
672226.652782 6306352.309919 0.000000 672375.643949 6306038.509005 0.000000 
672229.611506 6306353.171671 0.000000 672378.386871 6306039.886910 0.000000 
672232.487198 6306354.201566 0.000000 672381.087856 6306041.071325 0.000000 
672235.348421 6306355.105982 0.000000 672383.677732 6306042.436065 0.000000 
672238.270976 6306356.009942 0.000000 672386.327188 6306043.892384 0.000000 
672241.316649 6306356.472292 0.000000 672389.165443 6306045.137915 0.000000 
672244.030764 6306357.603643 0.000000 672391.787005 6306046.458209 0.000000 
672247.178406 6306357.911329 0.000000 672394.605978 6306047.575305 0.000000 
672250.379898 6306358.299135 0.000000 672397.365919 6306048.792499 0.000000 
672253.724814 6306358.428679 0.000000 672400.073656 6306050.183345 0.000000 
672256.975717 6306358.755246 0.000000 672402.699258 6306051.505588 0.000000 
672259.981465 6306359.376769 0.000000 672405.521445 6306052.688134 0.000000 
672263.294477 6306359.461784 0.000000 672408.121696 6306054.235677 0.000000 
672266.422193 6306359.789215 0.000000 672410.884235 6306055.267194 0.000000 
672269.470743 6306360.312375 0.000000 672413.590640 6306056.627764 0.000000 
672272.868914 6306360.204686 0.000000 672416.353699 6306057.811967 0.000000 
672275.909143 6306360.694164 0.000000 672418.981788 6306059.224402 0.000000 
672278.973143 6306361.016929 0.000000 672421.789447 6306060.429652 0.000000 
672282.191242 6306361.239248 0.000000 672424.242676 6306062.140307 0.000000 
672285.189230 6306361.857141 0.000000 672426.997162 6306063.379876 0.000000 
672288.667586 6306361.728027 0.000000 672429.914566 6306064.370363 0.000000 
672291.925869 6306361.935101 0.000000 672432.663034 6306065.577428 0.000000 
672294.932568 6306362.794136 0.000000 672435.363929 6306066.761587 0.000000 
672298.186886 6306362.885224 0.000000 672437.955759 6306068.301061 0.000000 
672301.250553 6306363.385874 0.000000 672440.777399 6306069.398609 0.000000 
672304.606384 6306363.402264 0.000000 672443.416709 6306070.664140 0.000000 
672307.959743 6306363.243829 0.000000 672445.969999 6306072.193217 0.000000 
672310.791851 6306364.227392 0.000000 672448.698757 6306073.535006 0.000000 
672314.166397 6306363.930625 0.000000 672451.561540 6306074.558897 0.000000 
672316.983704 6306364.759680 0.000000 672454.359784 6306075.784758 0.000000 
672320.267093 6306364.859575 0.000000 672457.029154 6306077.102996 0.000000 
672323.510813 6306365.183208 0.000000 672459.730554 6306078.312690 0.000000 
672326.764956 6306365.595971 0.000000 672462.299561 6306079.697580 0.000000 
672330.037791 6306365.754912 0.000000 672464.946818 6306081.122896 0.000000 
672333.091935 6306366.340189 0.000000 672467.824368 6306082.391147 0.000000 
672336.370147 6306366.323964 0.000000 672470.518716 6306083.657195 0.000000 
672340.149225 6306365.100559 0.000000 672473.240352 6306084.906363 0.000000 
672343.625498 6306364.707972 0.000000 672475.849748 6306086.255126 0.000000 
672348.069331 6306362.681004 0.000000 672475.368592 6306094.145102 0.000000 
672352.216569 6306360.751144 0.000000 672468.942940 6306114.858616 0.000000 
672357.041222 6306357.727040 0.000000 672463.498615 6306133.266132 0.000000 
672362.231610 6306353.728462 0.000000 672457.509417 6306152.889926 0.000000 
672367.663612 6306349.225900 0.000000 672450.687358 6306174.237146 0.000000 
672373.588775 6306343.897497 0.000000 672444.955803 6306193.304866 0.000000 
672381.488028 6306334.319716 0.000000 672437.194805 6306216.621792 0.000000 
672388.755610 6306325.856193 0.000000 672431.035153 6306236.163869 0.000000 
672394.700044 6306318.892366 0.000000 672427.481335 6306249.961399 0.000000 
